Aproximacion(FLP)
595264152
1050097412
1510774472
1902555132
2330009827
2115855035
2696675978
2955158357
3221005727
3679045398
4359113024
4821351167
5068948520
4784002852
4751166781
4627466628
4596857263
4601366084
4471876107
4456141779
4487123808
4713681488
4935900069
5294543193
5598592644
5986458736
6214604519
6572617970
6797389890
7147158243
7502679115
7675227522
8034332975
8085990367
8278241074
8599394210
8829479075
8894086695
9198053777
9052290639
9151148280
9102639657
8976401889
8704883131
8565887416
8235428701
7652744305
7340081442
6868370307
6420546457
5848647201
5316192847
4685626321
4275005318
3516405711
2855471300
2401348695
2158519941
1855512543
1625377207
1479494546
1268049462
1299346100
1125147667
1051275945
860018419
842597635
721753651
827417022
893788599
1066937892
1250831063
1436845295
1662654489
2131389133
2489295309
2845876157
3419412044
4059879686
4833400845
5827792702
6668697571
7464025172
8229493702
8895391111
9664259458
10510184716
10980640871
11615615626
12297974295
12793932598
13048477658
13017929136
13168623362
13341325790
13519381649
13677769579
13559537321
13189765578
12946688330
12549739814
12022058386
11659806628
11008592044
10345076036
9962113883
9224741702
8474814927
7759573948
6939799387
6219741551
5621906907
4995311719
4404132715
3877304210
3537955087
3055091583
2685530903
2446963317
2158077716
1884259367
1682658487
1409785022
1335249016
1360284110
1210806092
1102763164
1083158332
1241028806
1255408453
1505957974
1536632122
1702260598
1928306716
2411666057
2624603659
2871731382
3170082930
3482193298
3915041419
4256327895
4468004783
4835238894
5330590996
5874568622
6345477794
6658991948
7027403422
7454240624
7705364422
8153344872
8528976163
8720934042
8922481099
9369299249
9490605303
9455366382
9407762953
9363529222
9446368282
9227898046
9218268881
9013664923
8816265796
8671235416
8413030232
8107254141
7836981798
7411672539
7287420509
6915002008
6469593600
6181773182
5723423929
5317802606
5140373118
4577272089
4320355551
3928851573
3703959625
3315305577
2837898982
2295309405
2281596066
1878039403
1720274537
1458078548
1382401262
1380587096
1438889366
1219661763
1256691209
1301775060
1445572132
1672160912
2045886740
2196079050
2499059060
2682930153
3122983843
3369843255
4036221456
4504752674
5070062437
5410068569
6068252264
6239338642
6544697284
6722286351
7342306229
7702296741
8233300982
8458998624
8797430303
8982991802
8963287035
9134879783
9174311012
9217747972
9165950920
9348474139
9379478755
9482446608
9331273075
9238592294
9047456349
8910635176
8665298493
8315323383
7994992332
7752128086
7407076193
6991097445
6731004974
6194663501
5808994317
5459240310
5038220909
4639173937
4286513355
3733001047
3457289917
3084595248
2780665555
2311235025
2089269833
1863820341
1738834251
1604191734
1590962894
1367973609
1200034559
1027771971
1151270126
1428238240
1534452781
1608583810
1847860928
1984321962
2212880172
2336720553
2422273544
2804328469
3110941524
3160407297
3160897086
3009278327
2997829765
3289761878
3382011036
3293648828
3118799467
2724352839
2343991059
2076039084
1712139937
1481050879
1392492931
1265244618
1049241246
710535944
349161297
139523620
37806036
