Detalle(FHP)
0
0
0
0
0
0
0
0
0
0
0
529449018
12920998507
1233224829
1950079874
2414791373
2213535006
2637000273
2949021345
3353537118
3617966518
3862889034
4185086332
4399777972
4133943222
4191190206
4049340704
4040443980
4068565820
4017448891
4048808979
4142868540
4343875371
4664508589
4782856414
5196454712
5463842775
5673619933
6056956590
6126949663
6646609388
6825241531
6928001575
7277009616
7410712948
7498913047
7840434992
7871543734
8064002945
8281003639
8165323500
8062310951
8134894924
8163408913
7674609542
7541223902
7152552751
6767131991
6303686566
5862473925
5367664860
5008193631
4445005690
3795926401
3452842953
2976726071
2437391738
1981306985
1796989230
1486035257
1450810820
1225455767
1135524801
1046722901
1032154325
882019527
754897900
756312160
665710973
773611333
739516211
923537392
1156326872
1377348854
1517110344
2057631448
2513914795
2776664837
3345549329
4019519261
4759826839
5666442730
6316040713
7024208867
7875614621
8261235962
8926951181
9711991833
10211288063
10687693438
11069644045
11544019354
11769248824
11813863276
11854896674
12064501730
12042421481
12165294552
12142832620
11625773757
11543419686
11068713066
10484797764
10250590152
9588334598
8960077816
8535848277
7827156387
7163426753
6601719652
5902375290
5257764836
4674380000
4264398601
3762735138
3251769971
3005922336
2597936681
2268607518
2064446068
1780376956
1572323754
1420282800
1185855567
1084774615
1145195499
1082496334
921824462
1058110987
1138650670
1238434491
1301103425
1576846257
1684503030
1806348921
2239752511
2400706598
2787535947
2978338110
3226800510
3576388729
3991123006
4212384603
4514287950
4950868599
5460289058
5908045309
6091078500
6477556767
6952936919
7113638187
7274550620
7881096852
7971349067
8069071813
8364762471
8450711629
8655295866
8323901243
8409485323
8419254855
8199629077
8196351598
7985071004
7764012957
7676718750
7332344005
7101103961
6921298450
6437875982
6490040065
6005613675
5530644138
5486104895
4980161281
4627306182
4317157557
3948581763
3739771433
3355601981
2930269069
2866992842
2417777712
1966571726
1850655028
1536050066
1468122487
1333301321
1162205558
1120401439
1263437669
1078722071
1183183586
1212027073
1334710741
1631528328
1921584313
2160170135
2243020295
2638095995
2989769376
3233733903
3679147641
4325167251
4821268143
5018555322
5470807972
5906001543
6100366177
6292029092
6653187889
7083405171
7535832231
7530598742
7913736721
8060329538
8189591402
8126849062
8315370192
8286650692
8335639086
8364642764
8357628012
8465220619
8332316640
8216771242
7947296174
7837209206
7664542700
7396085452
6917906531
6846648103
6457179413
6044881887
5836731535
5349662429
5074019628
4710592326
4216178954
3949528516
3691671109
3257087655
2843172991
2581794066
2363904399
1979334368
1636772958
1573519727
1512669350
1392710615
1306852130
1092128544
1147776893
989360645
1040026866
1346842122
1449617258
1542675403
1723718636
1757870446
2037530669
2280593694
2325086220
2645113357
2842205880
2802027067
2903432998
2797409221
2732306507
2954720473
2951356569
2808200450
2701862222
2301406238
1920149681
1716701576
1442649950
1247242447
1086179493
913107395
761407959
534371493
266527217
113552638
33975816
